1000 997
529 712
674 483
962 381
736 254
202 308
363 474
257 911
366 89
877 940
401 156
134 541
658 268
795 961
647 561
467 569
157 406
325 291
933 603
449 522
585 889
204 517
931 474
80 260
863 127
26 750
180 207
338 829
47 183
103 192
784 540
432 568
51 339
100 996
136 474
971 429
883 492
594 130
85 441
59 310
601 947
938 405
800 794
786 683
246 817
590 404
27 743
232 925
402 47
206 514
21 912
424 645
63 46
971 782
344 903
497 317
189 551
230 785
958 924
797 301
342 419
585 958
86 425
132 551
243 259
915 381
547 582
16 330
636 759
783 254
613 5
322 386
619 829
990 804
805 771
84 807
757 959
154 291
278 547
781 756
285 580
67 754
261 644
688 498
948 167
42 874
307 566
28 800
786 280
695 268
394 260
524 962
929 272
651 586
786 205
343 743
995 8
800 531
365 515
199 697
343 570
390 265
186 958
822 424
478 813
198 733
189 968
139 278
915 164
19 529
908 58
984 155
965 783
827 685
882 757
886 361
607 360
113 305
279 937
702 633
344 974
974 432
388 680
874 611
538 196
441 66
555 835
433 793
966 178
582 872
508 346
653 771
756 985
356 363
688 423
286 419
111 690
180 444
577 331
359 129
238 7
792 292
559 182
496 71
451 311
648 132
19 179
786 822
423 813
878 725
207 793
878 158
122 577
522 1000
491 705
76 225
375 157
789 383
600 902
135 327
189 224
921 889
576 463
959 794
391 61
591 761
171 197
92 75
644 28
391 719
250 739
353 66
390 286
234 667
511 872
925 208
637 501
754 184
186 326
227 583
292 96
791 222
604 781
698 544
18 890
27 830
519 751
204 508
873 955
150 89
203 589
827 283
562 180
809 440
777 280
494 470
374 366
855 244
147 464
79 327
974 91
822 415
185 911
727 255
498 803
569 976
508 6
647 966
653 615
905 930
894 150
816 118
574 472
77 348
519 87
771 32
391 711
249 473
216 3
633 396
625 622
516 272
107 82
347 363
444 77
471 76
928 446
866 271
371 165
372 669
360 104
623 881
997 679
467 852
196 961
554 169
692 820
789 538
62 769
734 353
393 454
556 920
655 531
163 594
165 277
497 959
926 125
169 788
905 842
180 16
94 107
971 128
293 190
110 253
823 796
537 273
499 250
361 885
235 146
147 365
740 24
365 586
90 838
795 208
841 360
780 582
493 840
979 745
867 907
582 441
453 810
562 537
219 818
701 243
212 653
874 482
961 6
505 839
107 313
269 517
919 545
508 781
897 480
826 106
6 995
926 350
633 611
771 947
855 197
240 419
747 794
481 225
379 976
60 85
849 776
741 708
634 630
755 461
122 964
840 453
151 94
477 4
194 847
739 222
561 739
563 220
615 932
791 720
858 997
95 844
804 66
445 923
331 158
761 86
905 74
38 569
661 533
955 884
48 247
659 627
640 485
333 534
208 40
708 785
414 54
216 484
380 639
532 388
273 825
382 273
597 980
747 463
440 183
928 549
259 994
105 344
12 785
366 401
839 15
521 779
216 513
489 526
66 567
770 711
804 943
627 21
398 770
215 453
616 372
884 943
43 584
39 711
982 145
862 13
899 834
668 750
511 824
289 105
965 307
544 650
652 209
887 642
892 842
306 245
629 972
928 395
465 433
268 375
237 453
870 643
164 856
439 826
931 354
913 973
102 698
852 815
929 701
866 137
584 750
733 694
536 544
243 847
436 805
521 673
545 979
820 714
794 826
738 56
261 319
503 34
115 964
616 965
132 349
724 352
57 429
358 736
80 727
933 629
20 349
604 19
362 77
762 267
101 870
387 335
899 320
357 273
726 177
68 708
372 465
702 521
279 431
431 996
317 81
487 917
433 96
711 215
457 786
664 956
942 198
524 175
95 571
618 825
574 26
358 37
377 511
423 491
602 692
280 641
688 14
703 805
972 159
953 444
517 690
572 591
396 937
972 241
248 442
814 210
915 886
256 558
260 801
359 495
227 997
919 63
552 319
839 471
84 336
987 275
846 829
152 59
855 600
867 43
375 381
90 564
622 677
145 801
515 262
671 379
505 513
678 430
117 635
463 10
65 509
155 122
364 324
987 168
96 9
33 247
874 522
741 640
182 240
793 838
488 743
829 145
172 328
36 831
671 754
293 598
132 709
419 555
608 446
509 343
510 446
143 364
995 547
911 341
3 797
817 195
674 634
459 104
812 843
626 504
959 853
435 331
579 584
354 757
265 547
767 855
176 502
716 291
137 591
128 883
805 422
751 250
418 553
568 25
394 377
926 540
35 954
840 618
88 399
385 761
871 132
192 128
953 922
424 75
85 870
305 938
997 338
981 458
751 427
781 987
269 98
266 104
877 235
844 322
258 801
622 285
114 855
368 202
918 832
92 612
469 217
201 259
297 618
507 963
481 568
336 221
405 790
893 589
309 719
935 851
234 54
491 595
531 222
959 501
929 442
854 646
539 615
496 212
347 948
479 758
872 673
859 578
386 925
439 164
769 815
682 302
614 574
567 642
40 584
781 298
65 647
768 609
462 664
950 88
403 706
667 217
268 821
589 55
949 752
81 452
83 313
572 618
312 858
579 995
715 982
267 784
718 424
505 14
255 348
476 252
335 811
454 566
934 172
919 734
445 742
986 390
994 623
173 127
160 320
565 68
708 767
1000 231
897 131
354 756
780 499
601 458
401 872
840 181
445 342
88 614
306 679
98 832
790 536
974 5
836 226
255 663
553 211
877 296
296 514
753 883
591 102
469 840
472 344
210 52
65 724
951 7
420 500
281 716
448 229
310 580
174 456
456 963
708 434
480 786
925 700
224 755
551 756
376 920
37 299
867 557
907 165
519 449
665 16
956 791
565 901
808 85
537 129
243 357
712 666
207 189
445 677
467 66
502 193
891 687
161 361
181 485
361 78
933 615
27 663
315 519
401 164
616 567
474 154
981 817
663 770
220 312
672 466
269 564
589 634
354 818
245 856
411 882
507 325
978 655
980 605
40 154
802 787
575 855
308 507
358 55
708 526
705 636
479 106
694 16
937 543
104 175
118 115
832 488
10 662
783 256
858 959
413 263
353 325
117 817
364 191
959 877
854 525
949 594
501 429
502 709
802 295
910 133
893 448
452 767
607 643
58 506
486 515
385 556
501 579
667 19
713 175
447 710
797 512
856 696
287 187
374 12
57 578
923 684
297 554
895 336
881 667
437 877
71 915
828 363
542 660
335 647
275 345
638 823
778 613
250 72
703 444
68 443
189 464
143 972
210 742
402 658
568 822
631 922
205 486
695 628
692 600
779 499
587 975
732 641
491 806
36 538
532 953
731 372
606 178
723 453
360 709
596 349
484 277
505 880
329 101
320 677
248 47
110 530
336 416
777 205
946 450
501 452
406 313
424 318
796 791
430 272
91 768
485 642
134 814
305 839
34 550
657 688
889 266
521 1
826 709
974 170
303 57
317 632
109 972
524 418
864 527
112 652
668 382
925 615
101 371
361 503
760 11
578 756
447 671
818 634
441 205
602 344
104 220
541 437
506 299
560 190
832 226
841 737
434 328
157 270
585 268
152 961
331 507
33 57
371 760
731 227
22 176
861 616
743 450
843 915
380 277
211 236
574 809
697 984
117 836
340 686
706 671
78 915
724 215
128 919
187 181
67 199
488 742
336 561
531 339
745 194
363 738
470 843
346 651
985 304
598 220
946 632
433 366
84 223
761 926
46 55
113 732
19 347
607 407
922 835
92 631
686 323
239 898
15 380
18 440
88 921
603 407
599 418
349 288
33 357
884 511
659 256
212 527
929 393
835 60
435 710
971 455
955 197
641 126
376 133
80 249
238 443
246 709
540 46
422 757
405 867
685 301
687 2
165 597
759 599
709 204
843 611
326 554
454 96
584 636
696 704
939 68
356 630
255 359
160 363
4 174
64 227
370 701
931 86
35 358
548 920
148 727
427 344
703 520
9 149
468 30
504 612
315 435
441 859
508 132
931 602
832 625
491 292
765 969
646 987
270 539
25 153
456 366
617 800
494 97
524 402
309 292
710 993
849 109
645 585
967 492
14 609
721 744
548 767
77 47
168 497
166 91
764 484
785 7
999 784
241 414
53 985
740 252
844 368
796 395
968 720
511 983
111 850
407 618
949 970
130 194
450 328
939 974
959 480
976 924
237 953
338 446
502 945
776 896
49 104
28 748
794 489
868 838
384 709
242 416
326 143
365 351
594 40
886 140
185 789
411 236
913 348
328 321
158 411
817 823
622 721
33 775
892 499
918 600
304 648
427 689
389 373
141 544
554 346
686 318
635 747
165 680
693 392
603 783
461 430
879 249
937 355
220 167
413 510
854 965
264 749
81 605
4 828
666 412
434 37
171 922
651 539
387 911
624 893
476 425
699 130
595 775
292 759
307 993
357 130
323 245
734 779
636 484
650 901
228 283
184 361
21 986
427 196
150 432
674 972
337 758
545 791
748 383
366 300
937 247
109 119
